0.0
0.0
0.0
0.09956799999999788
0.1398240000000044
0.16660800000000364
0.17886399999999725
0.17859200000000186
0.16342400000000623
0.13472800000000262
0.09340000000000259
0.03654400000000635
0.029944000000000415
0.06182399999999433
0.09833600000000331
0.13848000000000127
0.18488800000000083
0.23492800000000358
0.2896000000000001
0.3203840000000042
0.3505359999999982
0.38331999999999766
0.4171040000000019
0.4535199999999975
0.4909359999999978
0.5303520000000006
0.5697679999999963
0.6118159999999975
0.6558640000000011
0.7009119999999953
0.745432000000001
0.7909519999999972
0.839103999999999
0.8872560000000007
0.9384080000000026
0.9895599999999973
1.0433440000000047
1.0981279999999956
1.1539120000000054
1.2110640000000004
1.269847999999996
1.3302639999999997
1.3910479999999978
1.4538319999999985
1.5182479999999998
1.5830320000000029
1.6504479999999973
1.7182320000000004
1.7889120000000034
1.8609600000000057
1.9340079999999986
2.0080560000000034
2.0847359999999995
2.1617840000000044
2.239832
2.3198799999999977
2.4009280000000004
2.4823439999999977
2.565392000000003
2.649808
2.736855999999996
2.823271999999996
2.912320000000001
