0.11819716586018235
0.14083843553061157
0.151198777566194
0.15096884830430574
0.13814691064148193
0.1138893735124904
0.07895365095649524
0.03089167259694415
0.025312506683531282
0.05226156870164645
0.08312619079719445
0.11706104480144816
0.15629103445443418
0.19859125601613792
0.2448070376552565
0.2708296200004861
0.2963179549430954
0.3240311936257252
0.35258976047705815
0.3833732310683997
0.41500202982844436
0.4483214849258892
0.4816409400233281
0.5171852988607876
0.5544203140356472
0.592500657379204
0.6301346674496853
0.6686140056888638
0.7093182476680628
0.7500224896472618
0.7932627161325582
0.8365029426178485
0.8819680728431596
0.9282785312371676
0.9754343177998848
1.0237465132973698
1.0734382843661723
1.124509631006298
1.1758920584125008
1.2289651421561036
1.283417801471024
1.3381815415520273
1.395170185373039
1.4524699099601392
1.512217704923792
1.5731219088222246
1.634871440889348
1.6974663011251807
1.7622860651010221
1.827416909842952
1.8933930827535792
1.9610599120015946
2.029572069418319
2.09839530760112
2.1685981213552448
2.239957344044143
2.313541470473062
2.3865913494993607
2.461866132265674
